------------------------------------------------------------------------------
                           GCC Code Coverage Report
Directory: .
------------------------------------------------------------------------------
File                                       Lines     Exec  Cover   Missing
------------------------------------------------------------------------------
include/wavefront/api/solver.hpp               1        1   100%
include/wavefront/core/field.hpp              17       16    94%   21
include/wavefront/core/grid.hpp               45       37    82%   18,21,24,27,30,57,62,82
include/wavefront/core/solver_nd.hpp         582      504    86%   25,25,25,25,25,25,25,25,29,29,29,29,29,29,29,29,32,32,32,32,32,32,32,32,84,84-89,91,93,103,108,108-109,109-110,110-111,111,121,121,121,121,121,121,121,121,121,143,143,143,143,143,143,143,143,143,158-159,161-164,166-167,169,172-173,175,178-180,182-183,186
include/wavefront/core/threading.hpp         340      278    81%   26,26,26,26,26,26,26,26,26,26,26,26,26,31,31,31,31,31,31,31,31,31,31,31,31,31,36,36,36,36,36,36,36,36,36,36,36,36,36-37,37,37,37,37,37,37,37,37,37,37,37,37,54,54,57,57,60,60-61,61,63,63
include/wavefront/symbolic/expression.hpp
                                               1        1   100%
src/api/problem_validation.cpp                47       24    51%   12-13,17,20,23,28-29,35-36,41,46-47,52,56,60,68,73,81-85,88
src/api/solver_factory.cpp                     5        4    80%   11
src/core/runtime_solver.cpp                  307      284    92%   42,52,68-70,128,173,178-179,181,191,210,227,261-267,274,435,457
src/exact/exact_number.cpp                    57       42    73%   35,42,44-45,82-84,87,89-91,93-94,100-101
src/physics/boundary.cpp                      76       71    93%   19-21,118,128
src/physics/interface.cpp                     39       38    97%   12
src/symbolic/expression.cpp                  348      289    83%   63-66,68,78,123,127,134,142,151-152,159-160,164,200,237,251,262,267,273-275,278,288,291,296-297,299-300,302-303,305-306,308,321,356,361,371-372,374,384,388,395,411-412,418,424-425,428,433,479-485,511
------------------------------------------------------------------------------
TOTAL                                       1865     1589    85%
------------------------------------------------------------------------------
